NCX-1_canard_root_16
 1.0  -0.001757 
 0.999812  -0.001726 
 0.999257  -0.001634 
 0.998347  -0.001483 
 0.997087  -0.001275 
 0.995477  -0.001011 
 0.993518  -0.000691 
 0.991211  -0.000315 
 0.988554  0.000113 
 0.985548  0.000595 
 0.982192  0.001127 
 0.978485  0.001709 
 0.974426  0.002337 
 0.970015  0.003009 
 0.965251  0.003719 
 0.960136  0.004464 
 0.954674  0.005239 
 0.948867  0.006042 
 0.942717  0.00687 
 0.936225  0.00772 
 0.929395  0.008588 
 0.922228  0.009472 
 0.914728  0.010367 
 0.906896  0.011268 
 0.898735  0.012172 
 0.890247  0.01307 
 0.881439  0.013956 
 0.872318  0.014825 
 0.862889  0.015671 
 0.853158  0.016489 
 0.843132  0.017274 
 0.832818  0.018018 
 0.822224  0.018714 
 0.811362  0.019356 
 0.80024  0.019938 
 0.78887  0.020454 
 0.777265  0.0209 
 0.765436  0.021271 
 0.753398  0.021563 
 0.741163  0.021772 
 0.728745  0.021896 
 0.716159  0.021933 
 0.703421  0.021881 
 0.690546  0.021741 
 0.677549  0.021515 
 0.664443  0.021205 
 0.651242  0.020813 
 0.637958  0.020341 
 0.624606  0.019792 
 0.611199  0.019169 
 0.597748  0.018476 
 0.584267  0.017718 
 0.570766  0.016898 
 0.557256  0.01602 
 0.543749  0.015088 
 0.530257  0.014106 
 0.51679  0.01308 
 0.503358  0.012014 
 0.48997  0.010912 
 0.476637  0.00978 
 0.463367  0.008623 
 0.45017  0.007445 
 0.437053  0.006251 
 0.424024  0.005046 
 0.411092  0.003834 
 0.398263  0.002619 
 0.385544  0.001406 
 0.372943  0.000197 
 0.360467  -0.001003 
 0.348123  -0.00219 
 0.335916  -0.003362 
 0.323854  -0.004514 
 0.311943  -0.005644 
 0.300189  -0.006746 
 0.288595  -0.00782 
 0.277169  -0.008864 
 0.265918  -0.009873 
 0.254848  -0.010845 
 0.243963  -0.011776 
 0.233267  -0.012663 
 0.222763  -0.013503 
 0.212456  -0.014295 
 0.20235  -0.015038 
 0.192451  -0.015729 
 0.182759  -0.016367 
 0.173279  -0.016952 
 0.164015  -0.017486 
 0.154974  -0.017965 
 0.14616  -0.018387 
 0.137573  -0.018751 
 0.129217  -0.019059 
 0.121098  -0.019309 
 0.113218  -0.019502 
 0.105581  -0.019635 
 0.098191  -0.01971 
 0.091049  -0.019724 
 0.084158  -0.019677 
 0.077519  -0.019572 
 0.071136  -0.019411 
 0.065018  -0.019193 
 0.059166  -0.018913 
 0.053577  -0.018571 
 0.048254  -0.018173 
 0.043204  -0.01772 
 0.038435  -0.017206 
 0.033944  -0.016624 
 0.029724  -0.015975 
 0.025774  -0.015265 
 0.022098  -0.014498 
 0.0187  -0.013672 
 0.015579  -0.012789 
 0.012736  -0.011851 
 0.010175  -0.010861 
 0.0079  -0.009819 
 0.005915  -0.008722 
 0.004222  -0.007564 
 0.002819  -0.006342 
 0.001702  -0.005052 
 0.000866  -0.003693 
 0.000307  -0.002265 
 2.2e-05  -0.000769 
 1e-05  0.000798 
 0.000263  0.002442 
 0.000765  0.004166 
 0.001498  0.005961 
 0.00245  0.007811 
 0.003619  0.009696 
 0.005013  0.011603 
 0.006638  0.013528 
 0.008494  0.01547 
 0.010578  0.017426 
 0.012885  0.019391 
 0.015412  0.021352 
 0.018165  0.023298 
 0.021154  0.025226 
 0.024384  0.027139 
 0.02785  0.029044 
 0.03154  0.030937 
 0.035451  0.032803 
 0.039592  0.034635 
 0.043969  0.036434 
 0.04858  0.038207 
 0.053415  0.039951 
 0.058472  0.041658 
 0.063752  0.043323 
 0.069257  0.044944 
 0.074985  0.046519 
 0.080935  0.048047 
 0.087108  0.049526 
 0.093501  0.050956 
 0.100112  0.052336 
 0.106939  0.053662 
 0.113983  0.054935 
 0.121241  0.056155 
 0.12871  0.057323 
 0.136385  0.058436 
 0.144267  0.059493 
 0.152353  0.060495 
 0.160641  0.061444 
 0.169126  0.062339 
 0.177806  0.063183 
 0.186677  0.063977 
 0.19573  0.064721 
 0.204962  0.065415 
 0.21437  0.066057 
 0.223951  0.066651 
 0.233697  0.067197 
 0.243603  0.067698 
 0.253662  0.068152 
 0.26387  0.068561 
 0.274219  0.068924 
 0.284704  0.069243 
 0.295319  0.069517 
 0.306056  0.069748 
 0.31691  0.069935 
 0.327873  0.070078 
 0.33894  0.070177 
 0.350105  0.070232 
 0.36136  0.070244 
 0.372698  0.070212 
 0.384113  0.070135 
 0.3956  0.070014 
 0.407151  0.069848 
 0.418761  0.069635 
 0.430427  0.069374 
 0.442147  0.069067 
 0.453918  0.068717 
 0.465735  0.068329 
 0.477592  0.06791 
 0.48948  0.067469 
 0.501385  0.067008 
 0.513296  0.06653 
 0.525202  0.066032 
 0.537094  0.065517 
 0.548961  0.064985 
 0.560793  0.064435 
 0.572581  0.063868 
 0.584313  0.06328 
 0.595981  0.062673 
 0.607573  0.062042 
 0.61908  0.061382 
 0.630493  0.060688 
 0.641807  0.059953 
 0.653021  0.059168 
 0.664137  0.058329 
 0.675159  0.057439 
 0.686088  0.056504 
 0.696921  0.05553 
 0.707651  0.054525 
 0.718271  0.053495 
 0.72877  0.052442 
 0.739139  0.051367 
 0.74937  0.050271 
 0.759457  0.049153 
 0.769393  0.048014 
 0.779173  0.046853 
 0.788792  0.045671 
 0.798243  0.044469 
 0.807522  0.043248 
 0.816622  0.042009 
 0.825539  0.040752 
 0.834266  0.039478 
 0.842796  0.038188 
 0.851121  0.036879 
 0.859237  0.035544 
 0.867145  0.034179 
 0.874847  0.032779 
 0.88235  0.031344 
 0.889662  0.029881 
 0.896785  0.0284 
 0.903719  0.026913 
 0.910458  0.02543 
 0.916994  0.023958 
 0.923321  0.022503 
 0.929433  0.02107 
 0.935323  0.019662 
 0.940985  0.018283 
 0.946414  0.016934 
 0.951606  0.015619 
 0.956557  0.014341 
 0.961262  0.013101 
 0.965718  0.011903 
 0.969922  0.010751 
 0.973871  0.009647 
 0.977561  0.008597 
 0.980988  0.007603 
 0.98415  0.00667 
 0.987042  0.005803 
 0.98966  0.005007 
 0.992  0.004287 
 0.994054  0.003647 
 0.995818  0.003092 
 0.997285  0.002627 
 0.998448  0.002256 
 0.999296  0.001984 
 0.999821  0.001815 
 1.0  0.001757 
