NCX-1_canard_tip_4
 1.0  -0.000902 
 0.999824  -0.000816 
 0.9993  -0.000561 
 0.998432  -0.000138 
 0.997213  0.000452 
 0.99564  0.001208 
 0.993703  0.002132 
 0.991395  0.003222 
 0.988708  0.004476 
 0.985633  0.005892 
 0.98216  0.007468 
 0.978279  0.009197 
 0.97398  0.011075 
 0.969252  0.013093 
 0.964084  0.015241 
 0.958467  0.017504 
 0.952395  0.019867 
 0.945864  0.022314 
 0.938873  0.024827 
 0.931422  0.027391 
 0.923513  0.029992 
 0.915142  0.032612 
 0.906311  0.035231 
 0.897025  0.037823 
 0.887296  0.040364 
 0.877141  0.042837 
 0.866576  0.045223 
 0.85562  0.047507 
 0.844291  0.049676 
 0.832609  0.051722 
 0.820589  0.05363 
 0.808254  0.055386 
 0.79563  0.05698 
 0.782748  0.058405 
 0.769633  0.059662 
 0.756313  0.060754 
 0.742812  0.061687 
 0.729145  0.062469 
 0.715331  0.063103 
 0.70139  0.063592 
 0.687341  0.063943 
 0.673203  0.064169 
 0.658983  0.064277 
 0.644695  0.064269 
 0.630357  0.064151 
 0.615985  0.063931 
 0.601594  0.063622 
 0.587192  0.063237 
 0.572785  0.062787 
 0.558376  0.062277 
 0.54397  0.061711 
 0.529577  0.061092 
 0.515203  0.060428 
 0.500851  0.059722 
 0.486524  0.058974 
 0.472235  0.05818 
 0.457997  0.057349 
 0.443812  0.056491 
 0.429678  0.05561 
 0.415593  0.054698 
 0.401567  0.053747 
 0.387611  0.052757 
 0.373735  0.051727 
 0.359945  0.050657 
 0.346247  0.049546 
 0.332647  0.048391 
 0.319151  0.047179 
 0.305778  0.0459 
 0.292551  0.044554 
 0.279488  0.043147 
 0.2666  0.041686 
 0.253896  0.040174 
 0.241388  0.038612 
 0.229084  0.037003 
 0.216997  0.035345 
 0.205142  0.033639 
 0.193538  0.031892 
 0.182191  0.030117 
 0.171104  0.028315 
 0.160289  0.026482 
 0.149763  0.024621 
 0.139541  0.022741 
 0.129633  0.020853 
 0.120045  0.018965 
 0.110788  0.017083 
 0.101865  0.015217 
 0.093282  0.013371 
 0.085048  0.011547 
 0.077174  0.009751 
 0.069669  0.007994 
 0.062541  0.006282 
 0.055803  0.004626 
 0.049467  0.003045 
 0.04353  0.001563 
 0.037981  0.000191 
 0.032817  -0.001064 
 0.028034  -0.002195 
 0.023626  -0.003195 
 0.019588  -0.004065 
 0.015922  -0.004808 
 0.01264  -0.00542 
 0.009749  -0.00589 
 0.007261  -0.006208 
 0.005194  -0.006344 
 0.003543  -0.006248 
 0.00227  -0.005874 
 0.001326  -0.005208 
 0.000668  -0.00425 
 0.00026  -0.002998 
 5.2e-05  -0.001463 
 -2e-06  0.000323 
 7.7e-05  0.002312 
 0.000288  0.004469 
 0.000625  0.00677 
 0.001081  0.00918 
 0.001667  0.011661 
 0.002407  0.014191 
 0.003323  0.016766 
 0.004421  0.019385 
 0.005707  0.022043 
 0.007187  0.024736 
 0.008866  0.027464 
 0.010742  0.030226 
 0.012813  0.033019 
 0.015079  0.035837 
 0.017537  0.038681 
 0.020179  0.041543 
 0.022998  0.044411 
 0.025998  0.047269 
 0.029186  0.050107 
 0.032569  0.052923 
 0.036148  0.055712 
 0.039927  0.058472 
 0.043908  0.061201 
 0.048091  0.063899 
 0.052475  0.066565 
 0.057057  0.069195 
 0.061835  0.071786 
 0.066807  0.074334 
 0.071971  0.076836 
 0.077328  0.079288 
 0.082874  0.081691 
 0.088603  0.084041 
 0.094507  0.086329 
 0.100586  0.088545 
 0.106845  0.090681 
 0.113286  0.092735 
 0.119909  0.094704 
 0.126713  0.096584 
 0.1337  0.098371 
 0.140873  0.100062 
 0.148234  0.101657 
 0.155786  0.103159 
 0.163525  0.10457 
 0.171445  0.105891 
 0.179541  0.107117 
 0.187815  0.108243 
 0.196269  0.109266 
 0.204907  0.110189 
 0.213727  0.111015 
 0.222728  0.111744 
 0.231911  0.11238 
 0.241274  0.112927 
 0.250816  0.113388 
 0.260534  0.113771 
 0.270423  0.114081 
 0.280475  0.114325 
 0.290678  0.114501 
 0.301029  0.114609 
 0.311528  0.114649 
 0.322172  0.114629 
 0.332952  0.114557 
 0.343858  0.114434 
 0.354884  0.114261 
 0.366025  0.114042 
 0.377274  0.113783 
 0.388618  0.113488 
 0.40005  0.113158 
 0.411559  0.112796 
 0.423137  0.112401 
 0.434775  0.111975 
 0.446466  0.111519 
 0.458203  0.111034 
 0.46998  0.110526 
 0.481789  0.109998 
 0.493616  0.109459 
 0.505446  0.10891 
 0.517263  0.108351 
 0.529056  0.107774 
 0.540819  0.107178 
 0.552543  0.106566 
 0.564211  0.105938 
 0.575814  0.105286 
 0.587346  0.104604 
 0.598804  0.103894 
 0.610176  0.10316 
 0.621446  0.102401 
 0.6326  0.101606 
 0.643633  0.100763 
 0.654544  0.099862 
 0.665338  0.098902 
 0.676014  0.097885 
 0.686568  0.096816 
 0.696992  0.095696 
 0.707277  0.094525 
 0.717415  0.093298 
 0.727403  0.092011 
 0.737238  0.090658 
 0.746923  0.089238 
 0.756459  0.087753 
 0.765844  0.08621 
 0.775069  0.084613 
 0.784126  0.08296 
 0.79301  0.081245 
 0.801722  0.079464 
 0.810266  0.077617 
 0.818643  0.075707 
 0.826851  0.07374 
 0.834889  0.07172 
 0.842749  0.069649 
 0.850433  0.067525 
 0.857939  0.065348 
 0.86527  0.063124 
 0.872426  0.060856 
 0.879405  0.058548 
 0.886208  0.056204 
 0.892833  0.053827 
 0.899282  0.051423 
 0.905555  0.048997 
 0.911654  0.046555 
 0.917578  0.044107 
 0.923327  0.041661 
 0.928896  0.039225 
 0.93428  0.036809 
 0.939475  0.034416 
 0.944477  0.032054 
 0.949281  0.029726 
 0.953886  0.027435 
 0.95829  0.025187 
 0.962493  0.022989 
 0.966492  0.020846 
 0.970287  0.018767 
 0.973876  0.016757 
 0.977257  0.014828 
 0.980425  0.012986 
 0.983378  0.011241 
 0.986111  0.009602 
 0.98862  0.008076 
 0.990898  0.006673 
 0.992941  0.005401 
 0.994742  0.004269 
 0.996294  0.003284 
 0.997589  0.002457 
 0.998619  0.001795 
 0.999373  0.001308 
 0.99984  0.001006 
 1.0  0.000902 
