NCX-1_canard_root_12
 1.0  -0.001913 
 0.99981  -0.001897 
 0.999251  -0.001851 
 0.998339  -0.001775 
 0.99708  -0.00167 
 0.995478  -0.001537 
 0.993536  -0.001376 
 0.991255  -0.001187 
 0.988639  -0.00097 
 0.985689  -0.000726 
 0.982406  -0.000454 
 0.978792  -0.000157 
 0.974849  0.000168 
 0.970578  0.000517 
 0.965981  0.000891 
 0.96106  0.001287 
 0.955818  0.001706 
 0.950258  0.002145 
 0.944381  0.002603 
 0.938193  0.00308 
 0.931695  0.003576 
 0.924891  0.00409 
 0.917782  0.004622 
 0.91037  0.00517 
 0.902657  0.005734 
 0.894643  0.00631 
 0.886332  0.006894 
 0.877728  0.00748 
 0.868837  0.008067 
 0.859661  0.008652 
 0.850206  0.009231 
 0.840476  0.009799 
 0.830476  0.010351 
 0.820212  0.010884 
 0.809691  0.011391 
 0.79892  0.011866 
 0.787909  0.012306 
 0.776666  0.012705 
 0.7652  0.013059 
 0.753523  0.013362 
 0.741646  0.013613 
 0.729578  0.013806 
 0.717331  0.013939 
 0.70492  0.014007 
 0.692358  0.01401 
 0.679659  0.013948 
 0.666832  0.013822 
 0.653892  0.01363 
 0.640851  0.013374 
 0.62772  0.013054 
 0.61451  0.012671 
 0.601237  0.012225 
 0.587911  0.01172 
 0.574543  0.011157 
 0.561146  0.010538 
 0.547731  0.009863 
 0.53431  0.009137 
 0.520896  0.008363 
 0.507499  0.007543 
 0.49413  0.006682 
 0.4808  0.005782 
 0.467519  0.004848 
 0.454297  0.003885 
 0.441144  0.002894 
 0.42807  0.001882 
 0.415082  0.000852 
 0.402189  -0.000193 
 0.389402  -0.001249 
 0.376727  -0.00231 
 0.364174  -0.003374 
 0.351747  -0.004437 
 0.339459  -0.005495 
 0.327315  -0.006544 
 0.315322  -0.007578 
 0.303485  -0.008594 
 0.29181  -0.009591 
 0.280305  -0.010565 
 0.268977  -0.011513 
 0.257832  -0.012431 
 0.246876  -0.013314 
 0.236114  -0.014158 
 0.225549  -0.014959 
 0.215184  -0.015716 
 0.205025  -0.016426 
 0.195077  -0.017086 
 0.185339  -0.017693 
 0.175815  -0.018249 
 0.166512  -0.018755 
 0.157436  -0.019205 
 0.148589  -0.019597 
 0.13997  -0.019928 
 0.131585  -0.020202 
 0.123438  -0.020415 
 0.115529  -0.020566 
 0.10786  -0.020655 
 0.100435  -0.020685 
 0.093258  -0.020651 
 0.086327  -0.020554 
 0.079643  -0.020399 
 0.073212  -0.020188 
 0.067042  -0.019922 
 0.061134  -0.019593 
 0.055485  -0.019202 
 0.050096  -0.018758 
 0.044978  -0.018262 
 0.040136  -0.017707 
 0.035567  -0.017087 
 0.031269  -0.016403 
 0.027239  -0.01566 
 0.023481  -0.014857 
 0.01999  -0.013996 
 0.016766  -0.013084 
 0.013814  -0.012127 
 0.011141  -0.011126 
 0.008752  -0.010079 
 0.006648  -0.008987 
 0.004834  -0.007847 
 0.003314  -0.006654 
 0.002087  -0.005399 
 0.001142  -0.004077 
 0.000473  -0.002693 
 7.9e-05  -0.001249 
 -3.9e-05  0.000254 
 0.000117  0.001825 
 0.000534  0.003474 
 0.001188  0.005197 
 0.002061  0.006977 
 0.00315  0.008787 
 0.004466  0.010612 
 0.006018  0.01245 
 0.007808  0.0143 
 0.009833  0.016161 
 0.01209  0.018027 
 0.014577  0.019893 
 0.017295  0.02175 
 0.020245  0.023591 
 0.023436  0.02541 
 0.026873  0.027212 
 0.030553  0.029003 
 0.034466  0.030784 
 0.038603  0.032546 
 0.042965  0.034276 
 0.047559  0.035969 
 0.052389  0.037628 
 0.057452  0.039256 
 0.062742  0.040852 
 0.068256  0.042411 
 0.073993  0.043927 
 0.079954  0.045401 
 0.086136  0.046831 
 0.092535  0.048216 
 0.099152  0.04955 
 0.105988  0.050832 
 0.113041  0.052067 
 0.120308  0.053254 
 0.127783  0.054393 
 0.135463  0.055481 
 0.143348  0.056517 
 0.151433  0.057503 
 0.159715  0.058438 
 0.168191  0.059321 
 0.176857  0.060155 
 0.185709  0.06094 
 0.194741  0.061676 
 0.203948  0.062363 
 0.213326  0.063001 
 0.22287  0.06359 
 0.232573  0.06413 
 0.242431  0.064622 
 0.252439  0.065066 
 0.26259  0.065462 
 0.272876  0.065811 
 0.283292  0.06611 
 0.293834  0.06636 
 0.304495  0.06656 
 0.315267  0.06671 
 0.326148  0.066809 
 0.337131  0.066856 
 0.348209  0.066854 
 0.359377  0.066801 
 0.370628  0.066695 
 0.381957  0.066538 
 0.393359  0.066328 
 0.404825  0.066065 
 0.416352  0.065746 
 0.427938  0.065368 
 0.43958  0.06493 
 0.451281  0.064436 
 0.463044  0.063891 
 0.474864  0.06331 
 0.486729  0.062704 
 0.498623  0.062079 
 0.510534  0.061435 
 0.522451  0.060773 
 0.534364  0.060093 
 0.546264  0.059396 
 0.558142  0.058682 
 0.569988  0.057952 
 0.581792  0.057209 
 0.593542  0.056451 
 0.605227  0.055678 
 0.616835  0.054887 
 0.628354  0.054072 
 0.639774  0.053222 
 0.651094  0.052323 
 0.662321  0.051369 
 0.673464  0.05036 
 0.68453  0.049305 
 0.695518  0.048218 
 0.706421  0.047112 
 0.717225  0.045998 
 0.727916  0.044877 
 0.738483  0.043748 
 0.748919  0.042613 
 0.759216  0.041472 
 0.769367  0.040326 
 0.779364  0.039175 
 0.789199  0.03802 
 0.798867  0.036863 
 0.808361  0.035702 
 0.817675  0.03454 
 0.826802  0.033378 
 0.835735  0.032219 
 0.844461  0.031063 
 0.852969  0.029908 
 0.861248  0.028741 
 0.869297  0.027549 
 0.877124  0.026319 
 0.884749  0.025048 
 0.892186  0.023749 
 0.89944  0.022443 
 0.906504  0.02115 
 0.913363  0.019881 
 0.920005  0.018641 
 0.92642  0.017431 
 0.932602  0.016252 
 0.938543  0.015106 
 0.944238  0.013995 
 0.949682  0.01292 
 0.954869  0.011882 
 0.959795  0.010883 
 0.964455  0.009924 
 0.968845  0.009006 
 0.972962  0.00813 
 0.976804  0.007299 
 0.980366  0.006514 
 0.983647  0.005778 
 0.986643  0.005095 
 0.989352  0.004468 
 0.991768  0.003901 
 0.993887  0.003397 
 0.995704  0.002961 
 0.997213  0.002596 
 0.998407  0.002305 
 0.999278  0.002091 
 0.999816  0.001959 
 1.0  0.001914 
