NCX-1_canard_root_4
 1.0  -0.001259 
 0.999815  -0.001229 
 0.999265  -0.001142 
 0.998357  -0.000999 
 0.997093  -0.0008 
 0.995471  -0.000549 
 0.993491  -0.000246 
 0.991151  0.000107 
 0.98845  0.000506 
 0.985387  0.00095 
 0.98196  0.001433 
 0.978168  0.001953 
 0.974012  0.002504 
 0.969491  0.003082 
 0.964605  0.00368 
 0.959357  0.004292 
 0.953748  0.004913 
 0.947782  0.005534 
 0.941463  0.00615 
 0.934796  0.006754 
 0.927786  0.007341 
 0.920439  0.007902 
 0.912762  0.008431 
 0.904766  0.008919 
 0.89646  0.009363 
 0.887857  0.009758 
 0.878968  0.010101 
 0.869802  0.010391 
 0.860371  0.010625 
 0.850687  0.010802 
 0.84076  0.01092 
 0.830603  0.010979 
 0.820228  0.010981 
 0.809646  0.010925 
 0.798869  0.010816 
 0.787906  0.010654 
 0.776769  0.010442 
 0.765468  0.010184 
 0.75401  0.009882 
 0.742407  0.009539 
 0.730668  0.009157 
 0.718799  0.008741 
 0.70681  0.008292 
 0.694708  0.007813 
 0.682501  0.007305 
 0.670198  0.006769 
 0.657807  0.006209 
 0.645339  0.005624 
 0.632801  0.005018 
 0.620203  0.004394 
 0.607554  0.003754 
 0.59486  0.003101 
 0.582131  0.002438 
 0.569373  0.001767 
 0.556593  0.00109 
 0.543801  0.000409 
 0.531005  -0.000274 
 0.518211  -0.000955 
 0.505425  -0.001633 
 0.492656  -0.002308 
 0.479911  -0.002975 
 0.467196  -0.003635 
 0.454519  -0.004285 
 0.441887  -0.004926 
 0.429307  -0.005555 
 0.416787  -0.00617 
 0.404333  -0.00677 
 0.391953  -0.007354 
 0.379652  -0.007922 
 0.367437  -0.008472 
 0.355316  -0.009004 
 0.343296  -0.009518 
 0.331385  -0.010011 
 0.319588  -0.010482 
 0.307912  -0.010931 
 0.296364  -0.011357 
 0.28495  -0.011758 
 0.273676  -0.012133 
 0.262545  -0.012483 
 0.251566  -0.012808 
 0.240745  -0.013108 
 0.230088  -0.013381 
 0.219599  -0.013627 
 0.209284  -0.013849 
 0.19915  -0.014047 
 0.189203  -0.014221 
 0.179451  -0.01437 
 0.169899  -0.014495 
 0.160552  -0.014594 
 0.151415  -0.014669 
 0.142496  -0.014722 
 0.133801  -0.014751 
 0.125336  -0.014757 
 0.117108  -0.014738 
 0.109122  -0.014695 
 0.101386  -0.014627 
 0.093906  -0.014529 
 0.086683  -0.014399 
 0.079719  -0.014237 
 0.073018  -0.014046 
 0.066588  -0.013827 
 0.060435  -0.013576 
 0.05456  -0.01329 
 0.048966  -0.012969 
 0.043654  -0.012613 
 0.038627  -0.012223 
 0.033889  -0.011801 
 0.029445  -0.011348 
 0.025301  -0.010863 
 0.021462  -0.010345 
 0.017933  -0.009792 
 0.014719  -0.009201 
 0.011826  -0.008567 
 0.009255  -0.007881 
 0.007006  -0.00714 
 0.005081  -0.006338 
 0.00348  -0.005464 
 0.002196  -0.004508 
 0.001216  -0.003464 
 0.000525  -0.002334 
 0.000115  -0.001125 
 -1.4e-05  0.000157 
 0.000134  0.001513 
 0.000556  0.002943 
 0.001239  0.00445 
 0.002169  0.006025 
 0.003343  0.007653 
 0.004761  0.009326 
 0.006425  0.011044 
 0.008325  0.012801 
 0.010455  0.014587 
 0.012821  0.016387 
 0.015429  0.018199 
 0.018282  0.020028 
 0.02137  0.021873 
 0.024688  0.023728 
 0.028235  0.025583 
 0.032013  0.027434 
 0.036021  0.02928 
 0.040256  0.031117 
 0.044717  0.032939 
 0.049403  0.034743 
 0.054313  0.036527 
 0.059447  0.038287 
 0.064803  0.04002 
 0.070382  0.041726 
 0.076177  0.043404 
 0.082185  0.045049 
 0.088405  0.046657 
 0.094838  0.048223 
 0.101482  0.049748 
 0.108335  0.051232 
 0.115395  0.052672 
 0.12266  0.054069 
 0.130124  0.055421 
 0.137784  0.056727 
 0.145636  0.057983 
 0.153681  0.059187 
 0.161914  0.060341 
 0.170332  0.061442 
 0.178933  0.062491 
 0.187713  0.063488 
 0.196666  0.064434 
 0.205787  0.065327 
 0.215073  0.066164 
 0.224522  0.066946 
 0.23413  0.067675 
 0.24389  0.068351 
 0.253797  0.068974 
 0.263848  0.069542 
 0.274037  0.070057 
 0.284359  0.070521 
 0.294808  0.070933 
 0.305379  0.071293 
 0.316066  0.071602 
 0.326862  0.071861 
 0.337762  0.072068 
 0.34876  0.072226 
 0.359851  0.072335 
 0.371025  0.072396 
 0.382278  0.072408 
 0.393603  0.072372 
 0.404993  0.072286 
 0.416441  0.072152 
 0.427942  0.071965 
 0.439494  0.071726 
 0.451094  0.071438 
 0.462738  0.071104 
 0.47442  0.070732 
 0.486131  0.070326 
 0.49786  0.06989 
 0.509594  0.069425 
 0.521325  0.06893 
 0.533043  0.068404 
 0.544741  0.067846 
 0.556411  0.067258 
 0.568045  0.06664 
 0.579632  0.065992 
 0.591165  0.065311 
 0.602635  0.064598 
 0.614031  0.06385 
 0.625347  0.063063 
 0.636573  0.062232 
 0.647708  0.061349 
 0.658751  0.060409 
 0.669705  0.059413 
 0.680573  0.058363 
 0.691353  0.057266 
 0.702042  0.056131 
 0.712631  0.054963 
 0.723112  0.053766 
 0.733476  0.052543 
 0.743717  0.051293 
 0.753828  0.050018 
 0.763804  0.048721 
 0.773639  0.047401 
 0.783326  0.046062 
 0.792862  0.044705 
 0.80224  0.043332 
 0.811452  0.041946 
 0.820495  0.040547 
 0.829362  0.039138 
 0.838046  0.037722 
 0.846539  0.0363 
 0.854832  0.034869 
 0.862918  0.033425 
 0.870797  0.03196 
 0.878471  0.030471 
 0.885949  0.028959 
 0.893235  0.027431 
 0.900331  0.025899 
 0.907231  0.024373 
 0.91393  0.02286 
 0.920421  0.021366 
 0.926697  0.019896 
 0.932755  0.018452 
 0.938588  0.017039 
 0.944192  0.015662 
 0.949564  0.014323 
 0.954698  0.013028 
 0.959589  0.011781 
 0.964233  0.010587 
 0.968624  0.00945 
 0.972757  0.008375 
 0.976624  0.007365 
 0.980219  0.006426 
 0.983536  0.005558 
 0.986568  0.004766 
 0.989308  0.00405 
 0.99175  0.003412 
 0.993889  0.002853 
 0.995718  0.002376 
 0.997233  0.001981 
 0.998426  0.001669 
 0.999291  0.001444 
 0.999821  0.001306 
 1.0  0.001259 
