NCX-1_canard_root_5
 1.0  -0.001062 
 0.999818  -0.001028 
 0.999277  -0.00093 
 0.998383  -0.000768 
 0.997138  -0.000544 
 0.995541  -0.000258 
 0.99359  8.7e-05 
 0.991286  0.000491 
 0.988625  0.000952 
 0.985607  0.001467 
 0.982231  0.002034 
 0.978495  0.002649 
 0.974398  0.003309 
 0.969938  0.004009 
 0.965117  0.004744 
 0.959934  0.005507 
 0.95439  0.006294 
 0.948489  0.007098 
 0.942234  0.007912 
 0.935628  0.008732 
 0.928676  0.009551 
 0.921381  0.010362 
 0.91375  0.011159 
 0.905789  0.011934 
 0.897507  0.012681 
 0.888914  0.013395 
 0.880019  0.014072 
 0.870832  0.014708 
 0.861363  0.015302 
 0.851619  0.015849 
 0.841612  0.016346 
 0.831352  0.01679 
 0.820852  0.017179 
 0.810123  0.017514 
 0.799175  0.017792 
 0.788021  0.018017 
 0.776668  0.018187 
 0.765129  0.018302 
 0.753413  0.018364 
 0.74153  0.018374 
 0.729491  0.018332 
 0.717305  0.01824 
 0.704982  0.018099 
 0.692532  0.017909 
 0.679962  0.017671 
 0.667284  0.017385 
 0.654509  0.017051 
 0.641648  0.016673 
 0.62871  0.01625 
 0.615706  0.015785 
 0.602647  0.015281 
 0.589543  0.014739 
 0.576401  0.014164 
 0.563232  0.013555 
 0.550045  0.012915 
 0.536852  0.012247 
 0.523659  0.011554 
 0.510475  0.010837 
 0.497311  0.010099 
 0.484176  0.009343 
 0.471076  0.008572 
 0.45802  0.007787 
 0.445018  0.006989 
 0.432079  0.006183 
 0.419211  0.005372 
 0.406419  0.004558 
 0.393713  0.003742 
 0.381101  0.002928 
 0.368589  0.002118 
 0.356183  0.001313 
 0.343894  0.000514 
 0.331729  -0.000276 
 0.319693  -0.001053 
 0.307795  -0.001815 
 0.296041  -0.002562 
 0.284437  -0.003289 
 0.272989  -0.003994 
 0.261702  -0.004677 
 0.250583  -0.005336 
 0.239638  -0.00597 
 0.228871  -0.006576 
 0.218288  -0.007153 
 0.207893  -0.007702 
 0.197693  -0.008223 
 0.187692  -0.008714 
 0.177897  -0.009176 
 0.168315  -0.009608 
 0.15895  -0.010007 
 0.149806  -0.010375 
 0.140888  -0.010711 
 0.132204  -0.011016 
 0.123758  -0.01129 
 0.115558  -0.011531 
 0.107609  -0.011738 
 0.099917  -0.011909 
 0.092486  -0.01204 
 0.085318  -0.012129 
 0.078416  -0.012177 
 0.071784  -0.012185 
 0.065429  -0.01215 
 0.059351  -0.012068 
 0.053552  -0.01194 
 0.048035  -0.011768 
 0.042803  -0.011548 
 0.037858  -0.01128 
 0.033199  -0.010967 
 0.028832  -0.010612 
 0.024764  -0.010214 
 0.020999  -0.00977 
 0.017538  -0.009276 
 0.014384  -0.008733 
 0.01154  -0.008138 
 0.009009  -0.007488 
 0.006793  -0.006781 
 0.004897  -0.006013 
 0.003323  -0.005172 
 0.002065  -0.004248 
 0.001113  -0.003234 
 0.000456  -0.002129 
 8.5e-05  -0.000937 
 -3e-06  0.00034 
 0.000187  0.001704 
 0.000645  0.003158 
 0.001355  0.004701 
 0.002304  0.006319 
 0.003487  0.007997 
 0.004906  0.009725 
 0.006562  0.011499 
 0.008451  0.013315 
 0.010567  0.015165 
 0.012911  0.01704 
 0.015482  0.018931 
 0.018285  0.020833 
 0.02132  0.022742 
 0.024588  0.024658 
 0.028086  0.026581 
 0.031807  0.028502 
 0.035753  0.030413 
 0.039928  0.032311 
 0.044333  0.034198 
 0.04896  0.036074 
 0.053804  0.037928 
 0.058872  0.039753 
 0.064169  0.041552 
 0.06969  0.043331 
 0.075424  0.045089 
 0.081364  0.046814 
 0.087516  0.048498 
 0.093883  0.050142 
 0.100463  0.051749 
 0.10725  0.053317 
 0.114243  0.054844 
 0.121441  0.056329 
 0.128837  0.057774 
 0.136427  0.059174 
 0.14421  0.060527 
 0.152182  0.06183 
 0.160342  0.063084 
 0.168686  0.064288 
 0.177213  0.065443 
 0.185916  0.066549 
 0.19479  0.067607 
 0.203829  0.068613 
 0.213032  0.069564 
 0.222396  0.070462 
 0.231916  0.071311 
 0.241584  0.072108 
 0.251396  0.072851 
 0.26135  0.073541 
 0.271438  0.07418 
 0.281655  0.074766 
 0.291996  0.0753 
 0.302456  0.075782 
 0.313028  0.076214 
 0.323704  0.076594 
 0.334479  0.076921 
 0.34535  0.077195 
 0.356308  0.077417 
 0.367347  0.077588 
 0.378462  0.077706 
 0.389646  0.077772 
 0.400892  0.077786 
 0.412193  0.077746 
 0.423543  0.077651 
 0.43494  0.077499 
 0.446379  0.077292 
 0.457856  0.077032 
 0.469367  0.076721 
 0.480904  0.076365 
 0.49246  0.075967 
 0.504022  0.075528 
 0.515581  0.075046 
 0.527132  0.074521 
 0.538668  0.073953 
 0.550182  0.073343 
 0.561667  0.07269 
 0.573113  0.071997 
 0.584514  0.071261 
 0.595862  0.070484 
 0.60715  0.069662 
 0.61837  0.068795 
 0.629515  0.067882 
 0.640579  0.066918 
 0.651561  0.065897 
 0.662459  0.06482 
 0.673275  0.063688 
 0.684007  0.062506 
 0.694652  0.061278 
 0.705206  0.060011 
 0.715661  0.058711 
 0.726008  0.05738 
 0.73624  0.056019 
 0.74635  0.05463 
 0.756335  0.053214 
 0.766187  0.051773 
 0.775902  0.050309 
 0.785474  0.048824 
 0.794898  0.047321 
 0.804167  0.045801 
 0.813277  0.044267 
 0.822223  0.042721 
 0.830998  0.041166 
 0.839596  0.039605 
 0.84801  0.038038 
 0.856232  0.036464 
 0.864257  0.034882 
 0.872083  0.033288 
 0.879712  0.03168 
 0.887147  0.030061 
 0.894391  0.028437 
 0.90144  0.026818 
 0.908292  0.025211 
 0.91494  0.023622 
 0.921378  0.022056 
 0.927601  0.020517 
 0.933604  0.01901 
 0.939382  0.017537 
 0.94493  0.016102 
 0.950244  0.014708 
 0.955321  0.01336 
 0.960155  0.012063 
 0.964743  0.01082 
 0.969078  0.009636 
 0.973156  0.008516 
 0.976971  0.007464 
 0.980516  0.006483 
 0.983786  0.005576 
 0.986773  0.004746 
 0.989473  0.003996 
 0.991879  0.003326 
 0.993985  0.00274 
 0.995787  0.002237 
 0.997278  0.001822 
 0.998452  0.001494 
 0.999303  0.001256 
 0.999824  0.001111 
 1.0  0.001062 
