NTX-3_1
 1.0  -0.000263 
 0.999808  -0.000257 
 0.999247  -0.000241 
 0.998338  -0.000214 
 0.997088  -0.000177 
 0.995504  -0.000129 
 0.99359  -7.1e-05 
 0.991353  -4e-06 
 0.988798  7.4e-05 
 0.985928  0.000164 
 0.982748  0.000263 
 0.979268  0.000372 
 0.975494  0.000497 
 0.971429  0.000643 
 0.967077  0.000814 
 0.962441  0.001017 
 0.957515  0.001258 
 0.952294  0.001534 
 0.94678  0.001834 
 0.940986  0.002154 
 0.934923  0.002503 
 0.928593  0.002888 
 0.921998  0.003313 
 0.915138  0.003783 
 0.908011  0.004305 
 0.900608  0.004877 
 0.892926  0.005488 
 0.884975  0.00613 
 0.876766  0.006805 
 0.8683  0.007515 
 0.859582  0.008256 
 0.850626  0.009033 
 0.841434  0.009859 
 0.831991  0.010743 
 0.822283  0.011674 
 0.812309  0.01263 
 0.802082  0.013596 
 0.791623  0.014563 
 0.780951  0.015537 
 0.770074  0.016532 
 0.758987  0.01756 
 0.74768  0.018615 
 0.736156  0.019685 
 0.724423  0.020773 
 0.712469  0.021884 
 0.700275  0.022995 
 0.687851  0.024063 
 0.675235  0.025069 
 0.662454  0.02602 
 0.649516  0.026919 
 0.636433  0.027757 
 0.623229  0.028533 
 0.609916  0.029257 
 0.596491  0.029927 
 0.582972  0.030525 
 0.569394  0.031051 
 0.555777  0.031536 
 0.542107  0.032 
 0.528369  0.032432 
 0.514567  0.032817 
 0.50071  0.033143 
 0.486809  0.033394 
 0.472892  0.033552 
 0.458998  0.033631 
 0.445133  0.033662 
 0.431272  0.033646 
 0.417415  0.03355 
 0.403598  0.033352 
 0.389856  0.033065 
 0.376194  0.0327 
 0.362627  0.032252 
 0.349183  0.031729 
 0.335867  0.031159 
 0.322657  0.030547 
 0.309551  0.029856 
 0.296596  0.029066 
 0.28383  0.028202 
 0.271256  0.027295 
 0.258863  0.026346 
 0.246665  0.02535 
 0.234673  0.024318 
 0.222878  0.023252 
 0.211285  0.022134 
 0.199927  0.020955 
 0.188826  0.019731 
 0.177987  0.018479 
 0.167413  0.017192 
 0.157132  0.015877 
 0.147156  0.014559 
 0.137474  0.013257 
 0.128081  0.011964 
 0.118989  0.010684 
 0.110196  0.009428 
 0.101689  0.00819 
 0.093483  0.006938 
 0.08563  0.00568 
 0.07815  0.004468 
 0.071009  0.003335 
 0.064174  0.002266 
 0.057656  0.001231 
 0.051484  0.000234 
 0.045666  -0.000705 
 0.040201  -0.00158 
 0.035097  -0.002375 
 0.030346  -0.003067 
 0.025913  -0.003644 
 0.021768  -0.004137 
 0.017915  -0.004596 
 0.014405  -0.005064 
 0.011324  -0.005529 
 0.008735  -0.005913 
 0.006627  -0.006101 
 0.004912  -0.006025 
 0.0035  -0.005692 
 0.002341  -0.005148 
 0.001431  -0.00443 
 0.00077  -0.003545 
 0.00034  -0.002488 
 9.2e-05  -0.001278 
 -2e-06  7e-06 
 0.000122  0.001284 
 0.000586  0.002556 
 0.001481  0.003964 
 0.002698  0.00573 
 0.003889  0.00784 
 0.004923  0.009928 
 0.006058  0.011737 
 0.007576  0.013342 
 0.009564  0.014968 
 0.011894  0.016782 
 0.014396  0.018745 
 0.017056  0.020732 
 0.019947  0.022722 
 0.023069  0.024761 
 0.026372  0.02684 
 0.029858  0.028904 
 0.033568  0.03094 
 0.037511  0.032975 
 0.041671  0.035007 
 0.046057  0.03702 
 0.050687  0.039032 
 0.055536  0.041073 
 0.060558  0.043118 
 0.065763  0.045117 
 0.071199  0.047066 
 0.076872  0.049006 
 0.082748  0.050953 
 0.088808  0.052881 
 0.095063  0.054779 
 0.101512  0.05666 
 0.108128  0.058517 
 0.114911  0.06032 
 0.121886  0.062063 
 0.129059  0.063769 
 0.136403  0.065445 
 0.143904  0.067069 
 0.151577  0.068628 
 0.159425  0.070136 
 0.167428  0.07159 
 0.175586  0.072966 
 0.183927  0.074259 
 0.192463  0.075503 
 0.201161  0.076725 
 0.209985  0.07791 
 0.218929  0.079028 
 0.228004  0.080069 
 0.237211  0.081033 
 0.246555  0.081915 
 0.256046  0.082722 
 0.265679  0.083472 
 0.275431  0.084175 
 0.285285  0.084815 
 0.295246  0.085386 
 0.305308  0.085897 
 0.315448  0.086347 
 0.325658  0.086714 
 0.335948  0.086983 
 0.346324  0.087165 
 0.356774  0.087261 
 0.367295  0.087254 
 0.377911  0.087139 
 0.388636  0.086948 
 0.399438  0.086715 
 0.410274  0.086428 
 0.421133  0.086053 
 0.432028  0.085569 
 0.442977  0.084977 
 0.45399  0.084282 
 0.465077  0.0835 
 0.476231  0.082658 
 0.487427  0.081773 
 0.498636  0.080835 
 0.509853  0.079824 
 0.521086  0.078737 
 0.532335  0.07758 
 0.543595  0.076351 
 0.554875  0.075053 
 0.566176  0.073702 
 0.577485  0.072316 
 0.588785  0.070899 
 0.600065  0.069452 
 0.611314  0.067978 
 0.622512  0.066478 
 0.63365  0.064932 
 0.644739  0.06333 
 0.655792  0.061686 
 0.666799  0.060018 
 0.677745  0.058329 
 0.688627  0.056613 
 0.69945  0.054881 
 0.710203  0.05315 
 0.720866  0.051427 
 0.731428  0.049707 
 0.741881  0.047995 
 0.752212  0.046294 
 0.762403  0.044594 
 0.772458  0.042879 
 0.782395  0.04115 
 0.79222  0.039431 
 0.801925  0.037749 
 0.811482  0.036123 
 0.820857  0.034557 
 0.830018  0.033035 
 0.838954  0.031528 
 0.847676  0.030015 
 0.856197  0.028497 
 0.864518  0.026981 
 0.872637  0.025466 
 0.880562  0.023954 
 0.888299  0.022459 
 0.895838  0.021001 
 0.903158  0.019586 
 0.910249  0.018206 
 0.917108  0.01686 
 0.923733  0.015549 
 0.930121  0.014275 
 0.936271  0.013039 
 0.942184  0.011852 
 0.947849  0.010728 
 0.953246  0.009669 
 0.958364  0.008667 
 0.9632  0.007716 
 0.967751  0.006814 
 0.972017  0.005958 
 0.976  0.00515 
 0.979698  0.004395 
 0.983107  0.0037 
 0.986218  0.003067 
 0.989027  0.002495 
 0.991529  0.001986 
 0.99372  0.001541 
 0.995594  0.001162 
 0.997146  0.000847 
 0.998371  0.000599 
 0.999263  0.000418 
 0.999812  0.000307 
 1.0  0.000269 
