NTX-3_owl_airfoil_7
 1.0  -9.7e-05 
 0.99983  -5.9e-05 
 0.999322  5.4e-05 
 0.99848  0.000242 
 0.997303  0.000503 
 0.99579  0.000836 
 0.993941  0.001239 
 0.991755  0.001712 
 0.98923  0.002251 
 0.986366  0.002855 
 0.983163  0.003519 
 0.979624  0.004241 
 0.975752  0.005019 
 0.971549  0.005851 
 0.967018  0.006739 
 0.962161  0.007684 
 0.956975  0.008686 
 0.951461  0.009743 
 0.945617  0.010851 
 0.939447  0.012006 
 0.932956  0.013205 
 0.926147  0.014447 
 0.919025  0.015734 
 0.91159  0.017069 
 0.903837  0.018452 
 0.895764  0.019877 
 0.88737  0.021333 
 0.878663  0.022814 
 0.869651  0.024317 
 0.860337  0.025843 
 0.85072  0.027392 
 0.840801  0.028957 
 0.830579  0.030531 
 0.820056  0.032106 
 0.809234  0.033671 
 0.798119  0.035211 
 0.786726  0.036712 
 0.775072  0.038168 
 0.763171  0.039577 
 0.751036  0.040943 
 0.738672  0.042266 
 0.726084  0.043544 
 0.713276  0.044772 
 0.700253  0.045943 
 0.687022  0.047049 
 0.673592  0.048077 
 0.659977  0.049017 
 0.646195  0.049862 
 0.632262  0.050609 
 0.618191  0.051256 
 0.603993  0.051799 
 0.589685  0.052231 
 0.575286  0.05255 
 0.560813  0.05276 
 0.546276  0.052866 
 0.531681  0.052871 
 0.51703  0.052771 
 0.502331  0.052554 
 0.487595  0.052204 
 0.472841  0.051708 
 0.458095  0.051053 
 0.443387  0.050233 
 0.42875  0.049246 
 0.414217  0.048101 
 0.399817  0.046813 
 0.385568  0.045402 
 0.371485  0.043882 
 0.35758  0.042269 
 0.34386  0.040575 
 0.330335  0.038809 
 0.31701  0.036977 
 0.3039  0.035083 
 0.291018  0.033137 
 0.278376  0.031152 
 0.26598  0.029137 
 0.253837  0.027101 
 0.241959  0.02505 
 0.230357  0.022995 
 0.219041  0.020952 
 0.208015  0.018938 
 0.197279  0.016968 
 0.186826  0.015054 
 0.176652  0.013201 
 0.166753  0.011412 
 0.157131  0.009688 
 0.147787  0.008032 
 0.138721  0.006449 
 0.129933  0.004942 
 0.121422  0.003512 
 0.113188  0.002161 
 0.105232  0.000888 
 0.097554  -0.000308 
 0.090157  -0.001426 
 0.083045  -0.002467 
 0.076221  -0.003427 
 0.069687  -0.004306 
 0.063447  -0.005104 
 0.057504  -0.005816 
 0.051861  -0.006436 
 0.046515  -0.006958 
 0.04146  -0.007383 
 0.036698  -0.00771 
 0.032228  -0.007939 
 0.028049  -0.008064 
 0.024151  -0.008082 
 0.020524  -0.008002 
 0.017166  -0.007833 
 0.014078  -0.007585 
 0.011262  -0.007269 
 0.008728  -0.006902 
 0.006504  -0.006494 
 0.004627  -0.006029 
 0.003112  -0.005462 
 0.00194  -0.004753 
 0.001077  -0.003879 
 0.000487  -0.00284 
 0.000137  -0.001644 
 2e-06  -0.000312 
 6.4e-05  0.001124 
 0.000325  0.002629 
 0.000804  0.004173 
 0.001539  0.005744 
 0.002569  0.007359 
 0.003917  0.009073 
 0.005554  0.010965 
 0.007374  0.013082 
 0.009242  0.015366 
 0.011107  0.017671 
 0.013027  0.019865 
 0.015119  0.021896 
 0.017477  0.023792 
 0.02015  0.025614 
 0.023132  0.027423 
 0.026392  0.029249 
 0.029898  0.031091 
 0.033638  0.032935 
 0.037609  0.034772 
 0.041814  0.036598 
 0.046251  0.038412 
 0.050915  0.040213 
 0.055802  0.042 
 0.060907  0.043766 
 0.066226  0.045505 
 0.071763  0.04721 
 0.07752  0.048878 
 0.083499  0.05051 
 0.089698  0.052108 
 0.096116  0.053674 
 0.102747  0.05521 
 0.109583  0.056714 
 0.116619  0.058183 
 0.123851  0.059611 
 0.131279  0.060993 
 0.138901  0.062329 
 0.146713  0.063617 
 0.154714  0.064854 
 0.162904  0.066036 
 0.171282  0.067164 
 0.179849  0.06824 
 0.188603  0.069265 
 0.197542  0.070243 
 0.20666  0.07118 
 0.215951  0.072077 
 0.225407  0.072935 
 0.235022  0.073754 
 0.244792  0.074536 
 0.254708  0.075283 
 0.264764  0.075993 
 0.274954  0.076668 
 0.285274  0.07731 
 0.295712  0.077924 
 0.306257  0.078508 
 0.316899  0.07906 
 0.327629  0.079575 
 0.33844  0.080052 
 0.349326  0.080485 
 0.360281  0.080873 
 0.371304  0.081212 
 0.382391  0.081505 
 0.393535  0.081757 
 0.404724  0.08197 
 0.415945  0.082143 
 0.427185  0.082268 
 0.43844  0.082334 
 0.44971  0.082333 
 0.461003  0.082267 
 0.472314  0.082145 
 0.483634  0.081975 
 0.494948  0.081757 
 0.506245  0.081486 
 0.517516  0.081156 
 0.528759  0.08076 
 0.539971  0.080294 
 0.551153  0.079758 
 0.562304  0.079152 
 0.573421  0.078481 
 0.584499  0.077749 
 0.595531  0.076962 
 0.606506  0.076121 
 0.61741  0.075222 
 0.628238  0.074257 
 0.638989  0.073218 
 0.649668  0.072103 
 0.66028  0.070914 
 0.670826  0.069661 
 0.681303  0.068352 
 0.691702  0.066995 
 0.702015  0.065596 
 0.712231  0.064156 
 0.722344  0.062672 
 0.732348  0.061146 
 0.742241  0.059575 
 0.752019  0.057962 
 0.761683  0.056309 
 0.77123  0.054619 
 0.78066  0.052899 
 0.789966  0.051156 
 0.799145  0.049399 
 0.808186  0.047634 
 0.817078  0.045866 
 0.82581  0.044094 
 0.834375  0.042315 
 0.84277  0.040527 
 0.850993  0.038727 
 0.859046  0.036918 
 0.866928  0.035106 
 0.874638  0.033297 
 0.88217  0.031499 
 0.889518  0.029716 
 0.896676  0.027952 
 0.90364  0.02621 
 0.910407  0.024494 
 0.916973  0.02281 
 0.92333  0.021162 
 0.929473  0.019556 
 0.935397  0.017994 
 0.941097  0.016479 
 0.946567  0.015019 
 0.951799  0.013616 
 0.956785  0.012272 
 0.961519  0.010986 
 0.965997  0.009758 
 0.970217  0.008589 
 0.974177  0.007482 
 0.977874  0.006441 
 0.981303  0.00547 
 0.98446  0.004571 
 0.98734  0.003749 
 0.989938  0.003004 
 0.992249  0.00234 
 0.994269  0.001757 
 0.995993  0.001259 
 0.997416  0.000847 
 0.998535  0.000523 
 0.999343  0.000288 
 0.999834  0.000145 
 1.0  9.7e-05 
