NTX-3_6
 1.0  -0.000246 
 0.99981  -0.000208 
 0.999249  -9.4e-05 
 0.998329  9.2e-05 
 0.997055  0.000347 
 0.995426  0.000669 
 0.993445  0.001057 
 0.991112  0.001509 
 0.988425  0.002021 
 0.985386  0.002589 
 0.981998  0.003209 
 0.978263  0.003881 
 0.974183  0.004602 
 0.969764  0.005369 
 0.96501  0.006187 
 0.959917  0.00706 
 0.954477  0.007985 
 0.94869  0.008952 
 0.942561  0.009952 
 0.936095  0.010983 
 0.929295  0.012041 
 0.92217  0.013122 
 0.914727  0.014229 
 0.906962  0.015368 
 0.898869  0.016534 
 0.890448  0.017712 
 0.881706  0.018893 
 0.872651  0.020072 
 0.863288  0.02124 
 0.853631  0.022389 
 0.843697  0.023522 
 0.833487  0.024649 
 0.822994  0.025767 
 0.812216  0.026861 
 0.801164  0.027915 
 0.789849  0.028921 
 0.778289  0.029866 
 0.766506  0.030744 
 0.754524  0.031567 
 0.742345  0.03235 
 0.729964  0.03309 
 0.717387  0.033779 
 0.704624  0.034417 
 0.691669  0.035 
 0.67852  0.035505 
 0.665203  0.035902 
 0.651755  0.036186 
 0.638199  0.036366 
 0.624549  0.036442 
 0.610827  0.036409 
 0.597063  0.036279 
 0.583268  0.036068 
 0.569445  0.035779 
 0.555618  0.035406 
 0.541813  0.034969 
 0.528032  0.034495 
 0.514264  0.033992 
 0.500512  0.033449 
 0.486791  0.03287 
 0.473101  0.032266 
 0.459439  0.031626 
 0.445822  0.030936 
 0.432281  0.030205 
 0.418819  0.029455 
 0.405426  0.028687 
 0.39211  0.027884 
 0.378895  0.027049 
 0.365787  0.026198 
 0.352782  0.025326 
 0.339898  0.02442 
 0.327161  0.023492 
 0.314573  0.022567 
 0.302118  0.021643 
 0.289806  0.020701 
 0.277664  0.019746 
 0.265694  0.018798 
 0.253883  0.017853 
 0.242247  0.016891 
 0.230815  0.01592 
 0.219588  0.014969 
 0.208548  0.014036 
 0.197699  0.013096 
 0.187071  0.012151 
 0.176668  0.011222 
 0.166475  0.010302 
 0.156506  0.009368 
 0.146795  0.008425 
 0.13735  0.007501 
 0.128155  0.006596 
 0.119219  0.005692 
 0.110572  0.004797 
 0.102213  0.00394 
 0.094118  0.003117 
 0.086296  0.0023 
 0.078784  0.001492 
 0.071585  0.000727 
 0.064671  4e-06 
 0.058052  -0.000711 
 0.051769  -0.001414 
 0.04583  -0.002069 
 0.040209  -0.002668 
 0.034909  -0.003238 
 0.029964  -0.003774 
 0.025376  -0.004241 
 0.021111  -0.00464 
 0.017177  -0.00501 
 0.013618  -0.005351 
 0.010447  -0.005631 
 0.007651  -0.00586 
 0.005289  -0.006061 
 0.003448  -0.006162 
 0.002114  -0.006026 
 0.001186  -0.005582 
 0.000578  -0.004827 
 0.000232  -0.003768 
 7.1e-05  -0.002414 
 8e-06  -0.000824 
 1e-05  0.000888 
 0.000117  0.002616 
 0.000418  0.004308 
 0.001009  0.005976 
 0.00195  0.007687 
 0.003243  0.009529 
 0.004835  0.011563 
 0.006685  0.013814 
 0.008741  0.016351 
 0.010811  0.01924 
 0.012622  0.0223 
 0.014169  0.025136 
 0.015757  0.02752 
 0.017692  0.02952 
 0.020115  0.03134 
 0.022986  0.033181 
 0.026167  0.035112 
 0.029572  0.03708 
 0.033207  0.039038 
 0.037081  0.040987 
 0.041176  0.042924 
 0.045494  0.04482 
 0.05006  0.046675 
 0.054879  0.048509 
 0.059926  0.050329 
 0.065195  0.052117 
 0.070698  0.053866 
 0.076435  0.055587 
 0.082393  0.057281 
 0.088572  0.058935 
 0.094983  0.060555 
 0.101617  0.06216 
 0.108447  0.063746 
 0.115463  0.065289 
 0.122679  0.06678 
 0.130097  0.068229 
 0.137706  0.069636 
 0.145501  0.070988 
 0.153492  0.072286 
 0.161673  0.07354 
 0.170026  0.074747 
 0.178552  0.075886 
 0.187269  0.076955 
 0.196183  0.077977 
 0.205278  0.078965 
 0.214534  0.079918 
 0.223944  0.080829 
 0.2335  0.081697 
 0.24319  0.082513 
 0.25302  0.083263 
 0.263005  0.083953 
 0.27314  0.084606 
 0.283402  0.085229 
 0.293775  0.085815 
 0.304256  0.086359 
 0.314835  0.086868 
 0.325491  0.087337 
 0.336214  0.087746 
 0.347011  0.088085 
 0.357884  0.088357 
 0.368827  0.088559 
 0.379845  0.088685 
 0.390949  0.088746 
 0.402128  0.088771 
 0.413344  0.088763 
 0.424575  0.088696 
 0.435827  0.088545 
 0.44712  0.088308 
 0.458459  0.087996 
 0.46984  0.08762 
 0.481262  0.087191 
 0.492709  0.086725 
 0.504152  0.086223 
 0.515578  0.085665 
 0.526992  0.085038 
 0.538403  0.084348 
 0.549804  0.083602 
 0.56119  0.082802 
 0.572563  0.081953 
 0.583915  0.08107 
 0.595226  0.080163 
 0.606471  0.079226 
 0.617646  0.078246 
 0.628746  0.07722 
 0.639766  0.076142 
 0.650705  0.075007 
 0.661572  0.073814 
 0.672365  0.072576 
 0.683074  0.071303 
 0.693687  0.069992 
 0.704207  0.068642 
 0.714628  0.067267 
 0.724933  0.065874 
 0.735107  0.064457 
 0.745142  0.063009 
 0.755038  0.061526 
 0.764788  0.060006 
 0.774396  0.05844 
 0.783874  0.056833 
 0.793228  0.055205 
 0.802442  0.053579 
 0.811489  0.051962 
 0.820352  0.050346 
 0.829016  0.048723 
 0.837473  0.047081 
 0.845722  0.045403 
 0.853774  0.04368 
 0.861642  0.041916 
 0.869329  0.040119 
 0.876835  0.038295 
 0.884165  0.03645 
 0.89132  0.034598 
 0.89829  0.032752 
 0.905064  0.030914 
 0.911638  0.029081 
 0.918013  0.027259 
 0.924186  0.025454 
 0.930154  0.02367 
 0.935917  0.021911 
 0.941474  0.020188 
 0.946818  0.018514 
 0.951934  0.016893 
 0.956815  0.015325 
 0.961457  0.01381 
 0.965856  0.012351 
 0.970008  0.010948 
 0.973915  0.009604 
 0.977576  0.008327 
 0.980987  0.007127 
 0.984138  0.006008 
 0.987024  0.004974 
 0.989642  0.00403 
 0.991983  0.003182 
 0.99404  0.002434 
 0.995807  0.001788 
 0.997277  0.001248 
 0.998443  0.000819 
 0.999294  0.000506 
 0.99982  0.000313 
 1.0  0.000246 
