NTX-3_owl_airfoil_2
 1.0  -8.2e-05 
 0.999832  -6.1e-05 
 0.999331  1e-06 
 0.9985  0.000103 
 0.997341  0.000244 
 0.995854  0.000423 
 0.994041  0.00064 
 0.991901  0.000894 
 0.989436  0.001181 
 0.986648  0.001501 
 0.983538  0.001852 
 0.980109  0.002232 
 0.976367  0.002639 
 0.972317  0.003074 
 0.967963  0.003541 
 0.963304  0.004045 
 0.958342  0.004585 
 0.953075  0.005162 
 0.947504  0.005774 
 0.941628  0.006419 
 0.935453  0.00709 
 0.928989  0.007786 
 0.922242  0.008514 
 0.915215  0.009281 
 0.907904  0.010093 
 0.9003  0.01095 
 0.892397  0.011841 
 0.884201  0.012751 
 0.875728  0.013676 
 0.86699  0.014624 
 0.857984  0.015608 
 0.848698  0.016622 
 0.839134  0.017654 
 0.829299  0.018699 
 0.819196  0.019758 
 0.808819  0.020823 
 0.798171  0.021875 
 0.78727  0.022898 
 0.776138  0.023892 
 0.764786  0.024862 
 0.753221  0.025814 
 0.741445  0.026747 
 0.729461  0.027661 
 0.717271  0.028548 
 0.704881  0.029402 
 0.692301  0.030219 
 0.679533  0.030993 
 0.666582  0.031711 
 0.653468  0.032359 
 0.640212  0.032936 
 0.626826  0.03345 
 0.613309  0.033899 
 0.59967  0.034269 
 0.585931  0.034549 
 0.572115  0.034746 
 0.558232  0.034866 
 0.544288  0.034912 
 0.53029  0.034887 
 0.516237  0.034787 
 0.502129  0.034601 
 0.487979  0.034305 
 0.473813  0.033886 
 0.459656  0.03334 
 0.445528  0.032664 
 0.431456  0.031848 
 0.417477  0.030898 
 0.403621  0.029831 
 0.389901  0.028669 
 0.376328  0.027423 
 0.362914  0.026102 
 0.349672  0.024724 
 0.336603  0.023299 
 0.323709  0.02183 
 0.311001  0.020316 
 0.298494  0.018761 
 0.286203  0.017177 
 0.274136  0.015575 
 0.262299  0.013966 
 0.250693  0.012358 
 0.239325  0.010748 
 0.228213  0.009143 
 0.217371  0.00756 
 0.2068  0.006023 
 0.196491  0.004543 
 0.186439  0.003123 
 0.176642  0.001768 
 0.167098  0.000482 
 0.157802  -0.000737 
 0.14876  -0.001894 
 0.13998  -0.002981 
 0.131458  -0.003989 
 0.123184  -0.004919 
 0.115159  -0.00578 
 0.107394  -0.006573 
 0.099889  -0.007291 
 0.092638  -0.007935 
 0.085644  -0.008515 
 0.078918  -0.00903 
 0.072461  -0.009473 
 0.066272  -0.009847 
 0.060355  -0.010157 
 0.054723  -0.010398 
 0.049375  -0.010556 
 0.044298  -0.010628 
 0.039488  -0.010624 
 0.034955  -0.01055 
 0.030702  -0.010394 
 0.026718  -0.010151 
 0.022992  -0.009828 
 0.019524  -0.009435 
 0.016313  -0.008977 
 0.013352  -0.00846 
 0.010639  -0.007904 
 0.008188  -0.007336 
 0.006035  -0.006767 
 0.004218  -0.006181 
 0.002758  -0.005539 
 0.001646  -0.004797 
 0.000853  -0.003925 
 0.000338  -0.002913 
 6e-05  -0.001769 
 -1.6e-05  -0.000524 
 0.000101  0.000774 
 0.000431  0.002084 
 0.00101  0.003387 
 0.001882  0.004681 
 0.003098  0.005997 
 0.004695  0.007421 
 0.006609  0.009098 
 0.008616  0.01108 
 0.01051  0.01317 
 0.012339  0.015083 
 0.01433  0.016699 
 0.016678  0.018092 
 0.019446  0.019421 
 0.022561  0.020807 
 0.025918  0.02224 
 0.0295  0.02366 
 0.033337  0.025052 
 0.037432  0.026438 
 0.04176  0.027816 
 0.046324  0.029161 
 0.05114  0.030477 
 0.056207  0.031781 
 0.061497  0.033073 
 0.067007  0.034328 
 0.072755  0.035537 
 0.078746  0.036712 
 0.084972  0.03786 
 0.091429  0.038973 
 0.098122  0.040053 
 0.105046  0.041114 
 0.112182  0.042154 
 0.119523  0.04316 
 0.127076  0.044124 
 0.134842  0.045054 
 0.142809  0.045951 
 0.150973  0.046805 
 0.159341  0.047613 
 0.167913  0.048386 
 0.176676  0.049122 
 0.18563  0.049815 
 0.19478  0.050468 
 0.204126  0.051093 
 0.21365  0.051697 
 0.223344  0.052275 
 0.233208  0.052826 
 0.243236  0.053359 
 0.25341  0.053877 
 0.263722  0.054371 
 0.274175  0.054837 
 0.284766  0.055287 
 0.295478  0.055729 
 0.306293  0.056159 
 0.317203  0.056568 
 0.328203  0.056953 
 0.339285  0.057315 
 0.35044  0.057648 
 0.361662  0.057947 
 0.372951  0.05821 
 0.384302  0.05844 
 0.395711  0.058639 
 0.407166  0.058816 
 0.418649  0.058973 
 0.430137  0.059094 
 0.441629  0.059158 
 0.45314  0.059155 
 0.464682  0.059098 
 0.476244  0.059005 
 0.487807  0.05888 
 0.499356  0.058719 
 0.510881  0.058513 
 0.522373  0.058255 
 0.533834  0.057934 
 0.545267  0.05755 
 0.556672  0.057106 
 0.568041  0.056606 
 0.579374  0.056048 
 0.59067  0.055439 
 0.601921  0.05479 
 0.613103  0.054104 
 0.624203  0.053366 
 0.635223  0.052561 
 0.646172  0.051686 
 0.657055  0.050745 
 0.667872  0.049746 
 0.678625  0.048697 
 0.689308  0.047612 
 0.699906  0.046499 
 0.710405  0.045357 
 0.720799  0.044182 
 0.731085  0.042973 
 0.741257  0.041733 
 0.751312  0.040458 
 0.761251  0.039151 
 0.771074  0.037817 
 0.780777  0.036467 
 0.790354  0.035104 
 0.799799  0.033737 
 0.809103  0.032374 
 0.818253  0.031022 
 0.827232  0.029678 
 0.836033  0.028336 
 0.844654  0.02699 
 0.853095  0.025639 
 0.861357  0.024285 
 0.869445  0.022935 
 0.877351  0.021603 
 0.885064  0.020294 
 0.892573  0.019008 
 0.899875  0.017741 
 0.906972  0.016499 
 0.913857  0.01529 
 0.920519  0.014121 
 0.926949  0.01299 
 0.933143  0.011895 
 0.939099  0.01084 
 0.944813  0.00983 
 0.950277  0.008871 
 0.955479  0.007965 
 0.960408  0.00711 
 0.965059  0.006299 
 0.969434  0.005528 
 0.973532  0.004799 
 0.977353  0.004117 
 0.980891  0.003484 
 0.984142  0.002902 
 0.987103  0.002373 
 0.989768  0.001898 
 0.992133  0.001477 
 0.994194  0.001111 
 0.995949  0.000799 
 0.997394  0.000543 
 0.998526  0.000343 
 0.99934  0.000199 
 0.999834  0.000111 
 1.0  8.2e-05 
