NTX-3_owl_airfoil_6
 1.0  -0.000127 
 0.999829  -6.6e-05 
 0.999317  0.000118 
 0.998466  0.000422 
 0.997271  0.000845 
 0.995726  0.001387 
 0.993828  0.002045 
 0.991569  0.002817 
 0.988946  0.003698 
 0.985952  0.004685 
 0.982582  0.00577 
 0.978836  0.006946 
 0.974712  0.008208 
 0.970209  0.00955 
 0.965326  0.010965 
 0.960063  0.012449 
 0.954419  0.013995 
 0.94839  0.015596 
 0.941978  0.017239 
 0.93519  0.018916 
 0.92803  0.020621 
 0.920499  0.022349 
 0.912599  0.024087 
 0.904339  0.025826 
 0.895727  0.027561 
 0.886766  0.029285 
 0.87746  0.030989 
 0.867818  0.032657 
 0.857857  0.034283 
 0.847589  0.03586 
 0.837027  0.037388 
 0.826178  0.038865 
 0.815047  0.040283 
 0.803643  0.041632 
 0.791985  0.042897 
 0.780096  0.044075 
 0.767994  0.045167 
 0.755696  0.046175 
 0.74322  0.047103 
 0.730585  0.04796 
 0.717793  0.04876 
 0.704845  0.049506 
 0.691744  0.050188 
 0.678503  0.050803 
 0.665136  0.051351 
 0.651652  0.051832 
 0.638064  0.052242 
 0.624388  0.052581 
 0.610641  0.052857 
 0.596832  0.053075 
 0.58297  0.053239 
 0.569065  0.053357 
 0.555123  0.053433 
 0.541147  0.053472 
 0.527145  0.053475 
 0.513122  0.053446 
 0.499076  0.053393 
 0.484999  0.053309 
 0.470893  0.053178 
 0.45677  0.052986 
 0.442647  0.052724 
 0.428539  0.052386 
 0.414468  0.051969 
 0.40045  0.051479 
 0.386492  0.050922 
 0.3726  0.050293 
 0.358791  0.049587 
 0.345081  0.048809 
 0.331478  0.047962 
 0.317986  0.047044 
 0.304623  0.046047 
 0.291406  0.044978 
 0.278338  0.043844 
 0.265422  0.042632 
 0.25268  0.041327 
 0.240146  0.039934 
 0.227837  0.038473 
 0.215753  0.03695 
 0.203909  0.035362 
 0.192326  0.033715 
 0.181015  0.032027 
 0.169973  0.030305 
 0.159212  0.028541 
 0.148751  0.026744 
 0.138599  0.024928 
 0.128755  0.023096 
 0.119235  0.021246 
 0.110059  0.019389 
 0.10123  0.017549 
 0.092742  0.015729 
 0.084603  0.013925 
 0.076833  0.012145 
 0.069436  0.010412 
 0.062405  0.00873 
 0.055752  0.007096 
 0.049496  0.005529 
 0.043634  0.004059 
 0.038142  0.002696 
 0.033022  0.001427 
 0.028288  0.000265 
 0.023933  -0.000765 
 0.019932  -0.001659 
 0.016282  -0.002434 
 0.012998  -0.003088 
 0.010072  -0.003603 
 0.007488  -0.003996 
 0.005284  -0.004298 
 0.003528  -0.004464 
 0.002217  -0.004396 
 0.001278  -0.004032 
 0.000638  -0.003372 
 0.000248  -0.002427 
 5.2e-05  -0.00121 
 -5e-06  0.000226 
 6.7e-05  0.001804 
 0.000299  0.003476 
 0.000723  0.005224 
 0.001364  0.007037 
 0.002258  0.008911 
 0.003448  0.010879 
 0.004945  0.013017 
 0.006678  0.015408 
 0.008517  0.018062 
 0.010348  0.020892 
 0.012138  0.02376 
 0.013931  0.026542 
 0.015826  0.029167 
 0.01793  0.031629 
 0.020321  0.033979 
 0.023026  0.036289 
 0.026023  0.03862 
 0.029265  0.040995 
 0.032715  0.043401 
 0.03636  0.045816 
 0.0402  0.048224 
 0.044239  0.050615 
 0.048481  0.052989 
 0.052919  0.055345 
 0.057548  0.057677 
 0.062368  0.059975 
 0.06738  0.062237 
 0.072579  0.06446 
 0.077961  0.066634 
 0.083531  0.06875 
 0.089296  0.070805 
 0.095255  0.072804 
 0.101403  0.074748 
 0.107736  0.076633 
 0.11425  0.078455 
 0.120939  0.080208 
 0.127803  0.081884 
 0.134844  0.083477 
 0.142067  0.084985 
 0.149468  0.08641 
 0.157044  0.087746 
 0.164797  0.088988 
 0.172732  0.090132 
 0.180853  0.091183 
 0.189157  0.092143 
 0.197644  0.09301 
 0.206319  0.09379 
 0.215177  0.09449 
 0.224209  0.095114 
 0.233408  0.095656 
 0.242777  0.096116 
 0.252315  0.096497 
 0.262018  0.096803 
 0.271885  0.097037 
 0.281912  0.097206 
 0.292093  0.097317 
 0.302415  0.097373 
 0.312872  0.097373 
 0.323459  0.09732 
 0.334166  0.097217 
 0.344981  0.097063 
 0.3559  0.09685 
 0.366928  0.096576 
 0.378064  0.096255 
 0.389297  0.095896 
 0.400614  0.095501 
 0.412005  0.095072 
 0.42346  0.094609 
 0.434967  0.094111 
 0.44652  0.093571 
 0.45812  0.09299 
 0.469766  0.092375 
 0.481446  0.091737 
 0.493145  0.091079 
 0.504852  0.090399 
 0.516555  0.0897 
 0.52824  0.088977 
 0.539899  0.088221 
 0.551535  0.087428 
 0.563146  0.086607 
 0.574722  0.085766 
 0.586246  0.084906 
 0.597709  0.084025 
 0.609099  0.083122 
 0.620404  0.082193 
 0.631614  0.08123 
 0.642728  0.080222 
 0.65375  0.079169 
 0.664676  0.078074 
 0.675501  0.076941 
 0.686221  0.075771 
 0.696831  0.074569 
 0.707319  0.073337 
 0.717676  0.072074 
 0.727896  0.070776 
 0.737972  0.069441 
 0.7479  0.068067 
 0.757675  0.06665 
 0.767299  0.065184 
 0.776776  0.063675 
 0.786104  0.06213 
 0.795277  0.060554 
 0.804288  0.058951 
 0.813128  0.057327 
 0.821785  0.05568 
 0.830251  0.054003 
 0.838527  0.052287 
 0.846615  0.050533 
 0.854517  0.048742 
 0.862232  0.046916 
 0.869762  0.045053 
 0.877111  0.04316 
 0.88428  0.041244 
 0.891267  0.039313 
 0.898067  0.037373 
 0.904677  0.035429 
 0.911093  0.033485 
 0.917312  0.031542 
 0.923337  0.029604 
 0.929167  0.02768 
 0.934798  0.025779 
 0.940225  0.023908 
 0.945441  0.022071 
 0.950444  0.020272 
 0.955229  0.018515 
 0.959792  0.016805 
 0.964131  0.015145 
 0.968244  0.013539 
 0.972128  0.011995 
 0.975781  0.010518 
 0.979198  0.009114 
 0.982377  0.007789 
 0.985311  0.006551 
 0.987997  0.005405 
 0.990429  0.004355 
 0.992602  0.003409 
 0.99451  0.002572 
 0.996146  0.001848 
 0.997504  0.001244 
 0.998578  0.000765 
 0.999359  0.000415 
 0.999838  0.0002 
 1.0  0.000127 
